18 24 0 0
                  
                  
                  
                  
                  
                  
                  
                  
                  
                  
                  
                  
                  
                  
                  
                  
                  
                  
                  
                  
                  
                  
                  
                  
000000000000000000
022222222222222220
022222222222222220
022222222222222220
022222222222222220
022222222222222220
022222222222222220
022222222222222220
022222222222222220
022222222222222220
022222222222222220
022222222222222220
022222222222222220
022222222222222220
022222222222222220
022222222222222220
022222222222222220
022222222222222220
022222222222222220
022222222222222220
022222222222222220
022222222222222220
022222222222222220
000000000000000000