20 25 10 25
                    
                    
                    
                    
                    
                    
                    
                    
                    
                    
                    
                    
                    
                    
                    
                    
                    
                    
                    
                    
                    
                    
                    
                    
                    
33333333333333333333
33333333333333333333
33000000000000000033
33000000666607777033
33055550666607777033
33000000000000000033
33077044405555066033
33077044405555066033
33000000000000000033
33044405550000077033
33044405550666077033
33000000000000000033
33077770440555555033
33077770440555555033
33000000000000000033
33066607704440555033
33066607704440555033
33000000000000000033
31000000000000000033
33333333333333333333
33333333333333333333
33333300000000333333
33333300000000333333
33333333333333333333
33333333333333333333