20 25 10 25
                    
               GUNS 
               &    
               TOOLS
                    
                    
                    
                    
                    
                    
                    
                    
                    
                    
                    
                    
                    
                    
                    
                    
                    
                    
                    
                    
                    
44444444444444444444
44444444111444444444
44444411100444444444
44441110004444444444
44111100044444441144
41100004444444411444
44401040444440114444
44440104444400444444
44440104444004444444
44444444444444444444
44777777777774111144
44777777777774111144
44554554554554111144
44444444444444444444
44664664664664000044
44444000044444444444
44400000000444444444
44000000000004444444
40000000000000044444
44000000000000000444
44444000000000000044
44444333000000000444
44443333340000004444
44433333444400044444
44333334444444444444