20 25 10 25
                    
                    
                    
                    
                    
                    
                    
                    
                    
                    
                    
                    
                    
                    
                    
                    
                    
                    
                    
                    
                    
                    
                    
                    
                    
33333333333333333333
33333333333333333333
33000000000000000033
33044044044044044033
33044044044044044033
33044044044044044033
33000000000000000033
33055055055055055033
33055055055055055033
33055055055055055033
33000000000000000033
33077077077077077033
33077077077077077033
33077077077077077033
33000000000000000033
33066066066066066033
33066066066066066033
33066066066066066033
31000000000000000033
33333333333333333333
33333333333333333333
33333300000000333333
33333300000000333333
33333333333333333333
33333333333333333333